
1 1e-06
2 1e-06
3 2e-06
4 2e-06
5 4e-06
6 3e-06
7 4e-06
8 6e-06
9 9e-06
10 1e-05
11 1.2e-05
12 1e-05
13 1.2e-05
14 2.2e-05
15 1.8e-05
16 3.2e-05
17 4e-05
18 4.9e-05
19 3.3e-05
20 5.9e-05
21 7.3e-05
22 6e-05
23 8.8e-05
24 6.5e-05
25 0.000117
26 0.000138
27 0.000145
28 0.000172
29 0.000167
30 0.000189
31 0.000166
32 0.000153
33 0.000191
34 0.000192
35 0.000208
36 0.000225
37 0.000247
38 0.000468
39 0.000448
40 0.00031
41 0.000418
42 0.000573
43 0.000558
44 0.000611
45 0.000673
46 0.000746
47 0.000666
48 0.000787
49 0.000907
50 0.000612
51 0.000764
52 0.000997
53 0.000693
54 0.001105
55 0.001478
56 0.000816
57 0.001445
58 0.001456
59 0.001141
60 0.001616
61 0.001418
62 0.001991
63 0.001299
64 0.001445
65 0.001837
66 0.0022
67 0.002134
68 0.001547
69 0.002809
70 0.001612
71 0.002717
72 0.002631
73 0.00307
74 0.002825
75 0.002356
76 0.002918
77 0.002147
78 0.00341
79 0.002928
80 0.004064
81 0.003045
82 0.004312
83 0.003605
84 0.004541
85 0.003807
86 0.004962
87 0.005179
88 0.006019
89 0.005349
90 0.005005
91 0.005285
92 0.004739
93 0.003457
94 0.004035
95 0.006224
96 0.004742
97 0.005175
98 0.004725
99 0.006634
100 0.006916
101 0.005456
102 0.005541
103 0.0053
104 0.00774
105 0.008274
106 0.007542
107 0.006804
108 0.005881
109 0.0063
110 0.00816
111 0.00645
112 0.00646
113 0.010308
114 0.007987
115 0.006887
116 0.008093
117 0.008758
118 0.007618
119 0.008634
120 0.011233
121 0.009673
122 0.009166
123 0.010955
124 0.009641
125 0.011164
126 0.012319
127 0.010755
128 0.010806
129 0.010927
130 0.011075
131 0.010429
132 0.012737
133 0.012529
134 0.011943
135 0.012846
136 0.014559
137 0.013275
138 0.013496
139 0.014143
140 0.014152
141 0.014256
142 0.013474
143 0.014712
144 0.015361
145 0.01527
146 0.015751
147 0.014522
148 0.015351
149 0.018195
150 0.016827
151 0.017523
152 0.02002
153 0.018265
154 0.017883
155 0.020004
156 0.017376
157 0.0188
158 0.021224
159 0.020039
160 0.02187
161 0.020391
162 0.021754
163 0.02245
164 0.023571
165 0.022684
166 0.021819
167 0.024713
168 0.031787
169 0.032348
170 0.031374
171 0.027533
172 0.033901
173 0.034579
174 0.03494
175 0.036117
176 0.036727
177 0.0313
178 0.029024
179 0.028807
180 0.028138
181 0.028858
182 0.027862
183 0.031624
184 0.028998
185 0.029871
186 0.029663
187 0.03157
188 0.034688
189 0.03656
190 0.034218
191 0.032509
192 0.032444
193 0.033646
194 0.033056
195 0.036627
196 0.035077
197 0.036319
198 0.036198
199 0.037913
200 0.037766
201 0.037206
202 0.037754
203 0.039518
204 0.038374
205 0.039455
206 0.041296
207 0.041921
208 0.043401
209 0.045008
210 0.045004
211 0.047665
212 0.048569
213 0.048727
214 0.050388
215 0.048869
216 0.048214
217 0.048506
218 0.049119
219 0.051489
220 0.05006
221 0.052405
222 0.052251
223 0.053065
224 0.05598
225 0.056494
226 0.05393
227 0.05337
228 0.053966
229 0.054574
230 0.060872
231 0.056281
232 0.058723
233 0.057009
234 0.058084
235 0.057964
236 0.057806
237 0.058976
238 0.059843
239 0.062895
240 0.063778
241 0.06398
242 0.063693
243 0.064062
244 0.065042
245 0.07018
246 0.066893
247 0.072923
248 0.073044
249 0.073789
250 0.075428
251 0.10008
252 0.099163
253 0.104015
254 0.098963
255 0.078055
256 0.077104
257 0.078141
258 0.080834
259 0.079397
260 0.079207
261 0.079939
262 0.080059
263 0.083006
264 0.082911
265 0.087044
266 0.088321
267 0.087748
268 0.092164
269 0.086783
270 0.092658
271 0.096793
272 0.098573
273 0.101324
274 0.099777
275 0.101537
276 0.099935
277 0.100688
278 0.097728
279 0.102079
280 0.100151
281 0.104819
282 0.101079
283 0.113898
284 0.11504
285 0.111673
286 0.116184
287 0.109521
288 0.119319
289 0.12452
290 0.122888
291 0.120769
292 0.124103
293 0.123049
294 0.123776
295 0.122934
296 0.123002
297 0.120404
298 0.120736
299 0.122194
300 0.127837
301 0.12466
302 0.130494
303 0.128865
304 0.134498
305 0.145548
306 0.156375
307 0.143643
308 0.142114
309 0.143043
310 0.139148
311 0.141804
312 0.140886
313 0.142478
314 0.147065
315 0.153851
316 0.156445
317 0.158481
318 0.178024
319 0.185421
320 0.177341
321 0.177339
322 0.160834
323 0.153967
324 0.154707
325 0.160566
326 0.158253
327 0.167616
328 0.168685
329 0.172425
330 0.185628
331 0.201993
332 0.187595
333 0.175969
334 0.172221
335 0.178728
336 0.187982
337 0.179651
338 0.189217
339 0.177914
340 0.182018
341 0.192543
342 0.203273
343 0.201989
344 0.1929
345 0.188515
346 0.194921
347 0.202939
348 0.212013
349 0.209611
350 0.212569
351 0.224621
352 0.228597
353 0.232986
354 0.208576
355 0.208818
356 0.2047
357 0.210319
358 0.209342
359 0.212006
360 0.236227
361 0.238184
362 0.235821
363 0.217532
364 0.221056
365 0.223375
366 0.229579
367 0.246523
368 0.255187
369 0.254954
370 0.259054
371 0.241556
372 0.241366
373 0.238951
374 0.241362
375 0.246572
376 0.297861
377 0.313903
378 0.272411
379 0.312862
380 0.307057
381 0.315956
382 0.332819
383 0.315249
384 0.29181
385 0.276499
386 0.27414
387 0.272537
388 0.270164
389 0.276111
390 0.328855
391 0.322149
392 0.290171
393 0.292605
394 0.293098
395 0.288132
396 0.336982
397 0.360011
398 0.313569
399 0.301666
400 0.303587
401 0.311049
402 0.354176
403 0.356827
404 0.332804
405 0.313123
406 0.319173
407 0.326948
408 0.332551
409 0.407311
410 0.362346
411 0.35093
412 0.349747
413 0.355571
414 0.421093
415 0.379713
416 0.345012
417 0.352808
418 0.351336
419 0.363371
420 0.402794
421 0.398598
422 0.356921
423 0.364405
424 0.365977
425 0.402975
426 0.409072
427 0.366004
428 0.421109
429 0.373625
430 0.418673
431 0.446103
432 0.39667
433 0.410176
434 0.396816
435 0.427097
436 0.464321
437 0.409581
438 0.408303
439 0.419044
440 0.465113
441 0.459225
442 0.419689
443 0.433638
444 0.508501
445 0.478329
446 0.441363
447 0.437966
448 0.484029
449 0.496778
450 0.440062
451 0.446826
452 0.444532
453 0.582179
454 0.462937
455 0.45561
456 0.458961
457 0.594824
458 0.500183
459 0.464424
460 0.46467
461 0.516978
462 0.525782
463 0.510533
464 0.488342
465 0.544492
466 0.506052
467 0.496898
468 0.508184
469 0.560714
470 0.515455
471 0.509343
472 0.552069
473 0.600915
474 0.522735
475 0.539494
476 0.600774
477 0.575885
478 0.539146
479 0.556584
480 0.64056
481 0.549519
482 0.559052
483 0.593967
484 0.586261
485 0.560661
486 0.580976
487 0.639001
488 0.578469
489 0.589629
490 0.689339
491 0.594063
492 0.585594
493 0.618775
494 0.647988
495 0.61225
496 0.649682
497 0.696766
498 0.622219
499 0.652864
500 0.680878
501 0.618092
502 0.636209
503 0.700559
504 0.644848
505 0.663991
506 0.753206
507 0.853873
508 0.921294
509 0.866054
510 0.906651
511 0.721683
512 0.674519
513 0.710985
514 0.714466
515 0.738794
516 0.920634
517 1.03709
518 0.832331
519 0.737708
520 0.720113
521 0.929349
522 0.987433
523 0.914259
524 0.883439
525 0.943486
526 0.838494
527 0.939307
528 0.803383
529 0.751187
530 0.862465
531 0.816814
532 0.920995
533 1.00673
534 1.09648
535 0.957741
536 0.82125
537 0.863261
538 0.791122
539 1.00557
540 0.855171
541 0.845259
542 0.972639
543 0.872188
544 0.868279
545 0.879424
546 0.975515
547 0.855378
548 1.03434
549 1.02347
550 0.971208
551 1.1979
552 1.0513
553 1.01323
554 1.03351
555 1.03421
556 1.17761
557 1.2325
558 1.48457
559 1.47707
560 0.993308
561 0.955142
562 1.06887
563 0.979806
564 0.980281
565 1.01406
566 1.24906
567 1.28763
568 1.07881
569 1.05543
570 1.25993
571 1.22442
572 1.12836
573 1.13138
574 1.10536
575 1.17596
576 1.00216
577 1.17816
578 1.02241
579 1.09087
580 1.05414
581 1.16346
582 1.05492
583 1.10988
584 1.15842
585 1.09165
586 1.21625
587 1.2066
588 1.15166
589 1.10414
590 1.31107
591 1.53099
592 1.19517
593 1.50172
594 1.32268
595 1.81876
596 2.05163
597 1.09859
598 1.319
599 1.36269
600 1.38387
601 2.00037
602 1.39024
603 1.66007
604 2.05867
605 2.70048
606 1.7845
607 1.62488
608 1.71081
609 1.51295
610 2.03315
611 2.09559
612 1.64523
613 1.4491
614 1.303
615 1.36919
616 1.42075
617 1.35587
618 1.58487
619 1.3548
620 1.64513
621 1.71425
622 1.40043
623 1.60865
624 1.33451
625 1.53359
626 1.87326
627 2.07772
628 1.48779
629 1.46193
630 1.38087
631 1.5129
632 1.57807
633 1.40514
634 1.53669
635 1.84268
636 1.87728
637 1.89806
638 1.88567
639 1.62823
640 1.93956
641 1.62013
642 1.71839
643 1.8982
644 1.63264
645 1.58886
646 1.59801
647 2.0688
648 2.08436
649 2.37541
650 1.9731
651 1.96469
652 1.68245
653 2.1765
654 1.69166
655 1.84458
656 1.8414
657 1.92805
658 1.99837
659 2.12388
660 2.00284
661 2.33035
662 1.8651
663 2.08083
664 1.96845
665 2.04395
666 1.96552
667 2.31229
668 1.90388
669 2.09212
670 1.91101
671 2.22401
672 1.93141
673 2.36115
674 2.08341
675 1.84882
676 2.13029
677 2.38207
678 1.94588
679 2.21407
680 2.20848
681 2.32424
682 2.41473
683 2.47501
684 2.00018
685 2.62404
686 2.34542
687 2.62014
688 2.42573
689 2.67419
690 2.56705
691 2.41798
692 2.52357
693 2.31033
694 2.5169
695 4.07616
696 3.10441
697 3.13865
698 3.58924
699 3.44251
700 2.52173
